Found 21 step directories

====================================================================================================

====================================================================================================
STEP: step_0
====================================================================================================

Summary:
  Total idx folders: 25
  Average Python usage: 7.28
  Qualified idx (Python >= avg AND accuracy >= 40.0%): 1

All idx statistics:
  Idx |  Files | Correct | Accuracy |  Python |  Google |  Wiki | BaseGen |  Total |  Qualified
----------------------------------------------------------------------------------------------------
    0 |      1 |       0 |    0.00% |       4 |       0 |     0 |       0 |      4 |           
    1 |      1 |       0 |    0.00% |      26 |       0 |     0 |       0 |     26 |           
    2 |      1 |       1 |  100.00% |       2 |       0 |     0 |       0 |      2 |           
    3 |      1 |       0 |    0.00% |       1 |       0 |     0 |       0 |      1 |           
    4 |      1 |       0 |    0.00% |       2 |       0 |     0 |       0 |      2 |           
    5 |      1 |       0 |    0.00% |      18 |       7 |     0 |       0 |     25 |           
    6 |      1 |       0 |    0.00% |       3 |       0 |     0 |       1 |      4 |           
    8 |      1 |       1 |  100.00% |       4 |       0 |     0 |       0 |      4 |           
    9 |      1 |       0 |    0.00% |       4 |       0 |     0 |       0 |      4 |           
   10 |      1 |       1 |  100.00% |       1 |       0 |     0 |       0 |      1 |           
   11 |      1 |       0 |    0.00% |       2 |       0 |     0 |       0 |      2 |           
   12 |      1 |       0 |    0.00% |       2 |       0 |     0 |       0 |      2 |           
   13 |      1 |       0 |    0.00% |      10 |       0 |     0 |       0 |     10 |           
   14 |      1 |       0 |    0.00% |      26 |       0 |     0 |       0 |     26 |           
   15 |      1 |       0 |    0.00% |       1 |       1 |     3 |       0 |      5 |           
   16 |      1 |       0 |    0.00% |       9 |       0 |     0 |       0 |      9 |           
   17 |      1 |       0 |    0.00% |       2 |       0 |     0 |       0 |      2 |           
   18 |      1 |       0 |    0.00% |       1 |       0 |     0 |       0 |      1 |           
   20 |      1 |       0 |    0.00% |      25 |       0 |     0 |       0 |     25 |           
   21 |      1 |       0 |    0.00% |       1 |       0 |     0 |       0 |      1 |           
   23 |      1 |       0 |    0.00% |       2 |       0 |     0 |       0 |      2 |           
   25 |      1 |       0 |    0.00% |       1 |       0 |     0 |       0 |      1 |           
   27 |      1 |       0 |    0.00% |      25 |       0 |     0 |       0 |     25 |           
   28 |      1 |       1 |  100.00% |       9 |       1 |     0 |       0 |     10 |      ✓ YES
   29 |      1 |       1 |  100.00% |       1 |       0 |     0 |       0 |      1 |           

====================================================================================================
STEP: step_3
====================================================================================================

Summary:
  Total idx folders: 30
  Average Python usage: 11.30
  Qualified idx (Python >= avg AND accuracy >= 40.0%): 2

All idx statistics:
  Idx |  Files | Correct | Accuracy |  Python |  Google |  Wiki | BaseGen |  Total |  Qualified
----------------------------------------------------------------------------------------------------
    0 |      1 |       0 |    0.00% |      18 |       1 |     0 |       1 |     20 |           
    1 |      1 |       0 |    0.00% |       2 |       0 |     0 |       0 |      2 |           
    2 |      1 |       0 |    0.00% |       3 |       2 |     1 |       0 |      6 |           
    3 |      1 |       0 |    0.00% |       6 |       0 |     0 |       0 |      6 |           
    4 |      1 |       0 |    0.00% |       7 |       3 |     0 |       0 |     10 |           
    5 |      1 |       0 |    0.00% |       4 |       2 |     0 |       0 |      6 |           
    6 |      1 |       0 |    0.00% |      16 |       3 |     0 |       1 |     20 |           
    7 |      1 |       1 |  100.00% |      24 |       0 |     0 |       0 |     24 |      ✓ YES
    8 |      1 |       0 |    0.00% |       4 |       2 |     0 |       0 |      6 |           
    9 |      1 |       0 |    0.00% |       2 |       0 |     0 |       0 |      2 |           
   10 |      1 |       1 |  100.00% |      29 |       1 |     0 |       0 |     30 |      ✓ YES
   11 |      1 |       0 |    0.00% |       2 |       0 |     0 |       0 |      2 |           
   12 |      1 |       0 |    0.00% |       6 |       0 |     0 |       0 |      6 |           
   13 |      1 |       0 |    0.00% |      18 |       0 |     0 |       0 |     18 |           
   14 |      1 |       0 |    0.00% |      25 |       3 |     0 |       1 |     29 |           
   15 |      1 |       0 |    0.00% |       3 |       2 |     1 |       0 |      6 |           
   16 |      1 |       0 |    0.00% |      30 |       0 |     0 |       0 |     30 |           
   17 |      1 |       0 |    0.00% |       0 |       2 |     0 |       2 |      4 |           
   18 |      1 |       1 |  100.00% |       6 |       1 |     0 |       1 |      8 |           
   19 |      1 |       0 |    0.00% |       9 |       0 |     0 |       1 |     10 |           
   20 |      1 |       0 |    0.00% |      13 |       4 |     0 |       0 |     17 |           
   21 |      1 |       0 |    0.00% |       3 |       0 |     0 |       1 |      4 |           
   22 |      1 |       0 |    0.00% |      10 |       0 |     0 |       3 |     13 |           
   23 |      1 |       0 |    0.00% |      30 |       0 |     0 |       0 |     30 |           
   24 |      1 |       0 |    0.00% |       8 |       2 |     0 |       0 |     10 |           
   25 |      1 |       0 |    0.00% |       0 |       2 |     1 |       1 |      4 |           
   26 |      1 |       0 |    0.00% |       5 |       0 |     0 |       0 |      5 |           
   27 |      1 |       0 |    0.00% |      38 |       0 |     0 |       3 |     41 |           
   28 |      1 |       0 |    0.00% |      16 |       0 |     0 |       0 |     16 |           
   29 |      1 |       1 |  100.00% |       2 |       0 |     0 |       0 |      2 |           

====================================================================================================
STEP: step_5
====================================================================================================

Summary:
  Total idx folders: 30
  Average Python usage: 12.20
  Qualified idx (Python >= avg AND accuracy >= 40.0%): 0

All idx statistics:
  Idx |  Files | Correct | Accuracy |  Python |  Google |  Wiki | BaseGen |  Total |  Qualified
----------------------------------------------------------------------------------------------------
    0 |      1 |       0 |    0.00% |      10 |       0 |     0 |       0 |     10 |           
    1 |      1 |       0 |    0.00% |       3 |       3 |     0 |       0 |      6 |           
    2 |      1 |       0 |    0.00% |       8 |       2 |     0 |       0 |     10 |           
    3 |      1 |       0 |    0.00% |       3 |       3 |     0 |       0 |      6 |           
    4 |      1 |       0 |    0.00% |      10 |       0 |     0 |       0 |     10 |           
    5 |      1 |       0 |    0.00% |      49 |       0 |     0 |       0 |     49 |           
    6 |      1 |       0 |    0.00% |      40 |       1 |     0 |       0 |     41 |           
    7 |      1 |       1 |  100.00% |       5 |       3 |     0 |       0 |      8 |           
    8 |      1 |       1 |  100.00% |      10 |       0 |     0 |       0 |     10 |           
    9 |      1 |       0 |    0.00% |       8 |       2 |     0 |       0 |     10 |           
   10 |      1 |       0 |    0.00% |       4 |       2 |     0 |       0 |      6 |           
   11 |      1 |       0 |    0.00% |      24 |       6 |     0 |       0 |     30 |           
   12 |      1 |       0 |    0.00% |      37 |       0 |     0 |       3 |     40 |           
   13 |      1 |       0 |    0.00% |       4 |       4 |     0 |       0 |      8 |           
   14 |      1 |       0 |    0.00% |       4 |       0 |     0 |       4 |      8 |           
   15 |      1 |       0 |    0.00% |       9 |       1 |     8 |       0 |     18 |           
   16 |      1 |       0 |    0.00% |       4 |       4 |     0 |       0 |      8 |           
   17 |      1 |       0 |    0.00% |       1 |       0 |     0 |       3 |      4 |           
   18 |      1 |       0 |    0.00% |       4 |       4 |     0 |       0 |      8 |           
   19 |      1 |       0 |    0.00% |       4 |       0 |     0 |       1 |      5 |           
   20 |      1 |       0 |    0.00% |      22 |       0 |     0 |      12 |     34 |           
   21 |      1 |       0 |    0.00% |      16 |       3 |     0 |       1 |     20 |           
   22 |      1 |       0 |    0.00% |      19 |       1 |     0 |       0 |     20 |           
   23 |      1 |       0 |    0.00% |       4 |       0 |     0 |       0 |      4 |           
   24 |      1 |       0 |    0.00% |       8 |       0 |     0 |       0 |      8 |           
   25 |      1 |       0 |    0.00% |      10 |       0 |     0 |       0 |     10 |           
   26 |      1 |       0 |    0.00% |       6 |       0 |     0 |       0 |      6 |           
   27 |      1 |       0 |    0.00% |      29 |       0 |     0 |       0 |     29 |           
   28 |      1 |       0 |    0.00% |       4 |       4 |     0 |       0 |      8 |           
   29 |      1 |       1 |  100.00% |       7 |       3 |     0 |       0 |     10 |           

====================================================================================================
STEP: step_7
====================================================================================================

Summary:
  Total idx folders: 30
  Average Python usage: 11.03
  Qualified idx (Python >= avg AND accuracy >= 40.0%): 3

All idx statistics:
  Idx |  Files | Correct | Accuracy |  Python |  Google |  Wiki | BaseGen |  Total |  Qualified
----------------------------------------------------------------------------------------------------
    0 |      1 |       0 |    0.00% |      10 |       0 |     0 |       0 |     10 |           
    1 |      1 |       0 |    0.00% |      41 |       8 |     0 |       0 |     49 |           
    2 |      1 |       0 |    0.00% |       8 |       0 |     0 |       2 |     10 |           
    3 |      1 |       0 |    0.00% |       4 |       4 |     0 |       0 |      8 |           
    4 |      1 |       0 |    0.00% |       9 |       1 |     0 |       0 |     10 |           
    5 |      1 |       0 |    0.00% |       7 |       1 |     0 |       0 |      8 |           
    6 |      1 |       0 |    0.00% |       8 |       2 |     0 |       0 |     10 |           
    7 |      1 |       1 |  100.00% |      22 |       0 |     0 |       8 |     30 |      ✓ YES
    8 |      1 |       0 |    0.00% |       2 |       2 |     2 |       0 |      6 |           
    9 |      1 |       0 |    0.00% |      24 |       0 |     0 |       1 |     25 |           
   10 |      1 |       0 |    0.00% |      10 |       0 |     0 |       0 |     10 |           
   11 |      1 |       0 |    0.00% |       1 |       2 |     2 |       1 |      6 |           
   12 |      1 |       0 |    0.00% |       4 |       4 |     0 |       0 |      8 |           
   13 |      1 |       0 |    0.00% |       3 |       3 |     0 |       0 |      6 |           
   14 |      1 |       0 |    0.00% |      24 |       6 |     0 |       0 |     30 |           
   15 |      1 |       1 |  100.00% |       7 |       3 |     0 |       0 |     10 |           
   16 |      1 |       1 |  100.00% |      35 |       5 |     0 |       0 |     40 |      ✓ YES
   17 |      1 |       0 |    0.00% |       0 |       2 |     2 |       2 |      6 |           
   18 |      1 |       0 |    0.00% |       8 |       2 |     0 |       0 |     10 |           
   19 |      1 |       0 |    0.00% |      29 |       0 |     0 |       1 |     30 |           
   20 |      1 |       0 |    0.00% |       4 |       4 |     0 |       0 |      8 |           
   21 |      1 |       0 |    0.00% |       9 |       0 |     0 |       1 |     10 |           
   22 |      1 |       0 |    0.00% |       3 |       3 |     0 |       0 |      6 |           
   23 |      1 |       0 |    0.00% |       8 |       2 |     0 |       0 |     10 |           
   24 |      1 |       0 |    0.00% |       8 |       2 |     0 |       0 |     10 |           
   25 |      1 |       0 |    0.00% |       0 |       2 |     3 |       1 |      6 |           
   26 |      1 |       0 |    0.00% |       8 |       2 |     0 |       0 |     10 |           
   27 |      1 |       0 |    0.00% |       8 |       2 |     0 |       0 |     10 |           
   28 |      1 |       1 |  100.00% |      19 |       1 |     0 |       0 |     20 |      ✓ YES
   29 |      1 |       1 |  100.00% |       8 |       2 |     0 |       0 |     10 |           

====================================================================================================
STEP: step_9
====================================================================================================

Summary:
  Total idx folders: 30
  Average Python usage: 10.53
  Qualified idx (Python >= avg AND accuracy >= 40.0%): 2

All idx statistics:
  Idx |  Files | Correct | Accuracy |  Python |  Google |  Wiki | BaseGen |  Total |  Qualified
----------------------------------------------------------------------------------------------------
    0 |      1 |       0 |    0.00% |       4 |       2 |     0 |       0 |      6 |           
    1 |      1 |       0 |    0.00% |       2 |       2 |     2 |       0 |      6 |           
    2 |      1 |       0 |    0.00% |       8 |       0 |     0 |       2 |     10 |           
    3 |      1 |       0 |    0.00% |       2 |       2 |     0 |       0 |      4 |           
    4 |      1 |       0 |    0.00% |       3 |       3 |     0 |       0 |      6 |           
    5 |      1 |       0 |    0.00% |       8 |       2 |     0 |       0 |     10 |           
    6 |      1 |       0 |    0.00% |       8 |       2 |     0 |       0 |     10 |           
    7 |      1 |       1 |  100.00% |      34 |       1 |     0 |       5 |     40 |      ✓ YES
    8 |      1 |       1 |  100.00% |       5 |       5 |     0 |       0 |     10 |           
    9 |      1 |       0 |    0.00% |       2 |       2 |     2 |       0 |      6 |           
   10 |      1 |       0 |    0.00% |       2 |       2 |     0 |       0 |      4 |           
   11 |      1 |       0 |    0.00% |       2 |       2 |     2 |       0 |      6 |           
   12 |      1 |       0 |    0.00% |       8 |       2 |     0 |       0 |     10 |           
   13 |      1 |       0 |    0.00% |      25 |       0 |     0 |       5 |     30 |           
   14 |      1 |       0 |    0.00% |       2 |       2 |     0 |       0 |      4 |           
   15 |      1 |       0 |    0.00% |       7 |       3 |     0 |       0 |     10 |           
   16 |      1 |       1 |  100.00% |       8 |       2 |     0 |       0 |     10 |           
   17 |      1 |       0 |    0.00% |       3 |       4 |     0 |       1 |      8 |           
   18 |      1 |       1 |  100.00% |      12 |       8 |     0 |       0 |     20 |      ✓ YES
   19 |      1 |       0 |    0.00% |      25 |       4 |     0 |       1 |     30 |           
   20 |      1 |       0 |    0.00% |      40 |       1 |     0 |       0 |     41 |           
   21 |      1 |       0 |    0.00% |      25 |      16 |     0 |       9 |     50 |           
   22 |      1 |       0 |    0.00% |       4 |       4 |     0 |       0 |      8 |           
   23 |      1 |       0 |    0.00% |      46 |       4 |     0 |       0 |     50 |           
   24 |      1 |       0 |    0.00% |       4 |       2 |     0 |       0 |      6 |           
   25 |      1 |       0 |    0.00% |       8 |       2 |     0 |       0 |     10 |           
   26 |      1 |       0 |    0.00% |       7 |       3 |     0 |       0 |     10 |           
   27 |      1 |       0 |    0.00% |       7 |       3 |     0 |       0 |     10 |           
   28 |      1 |       0 |    0.00% |       3 |       4 |     0 |       1 |      8 |           
   29 |      1 |       1 |  100.00% |       2 |       2 |     2 |       0 |      6 |           

====================================================================================================
STEP: step_12
====================================================================================================

Summary:
  Total idx folders: 30
  Average Python usage: 8.20
  Qualified idx (Python >= avg AND accuracy >= 40.0%): 2

All idx statistics:
  Idx |  Files | Correct | Accuracy |  Python |  Google |  Wiki | BaseGen |  Total |  Qualified
----------------------------------------------------------------------------------------------------
    0 |      1 |       0 |    0.00% |       4 |       2 |     0 |       0 |      6 |           
    1 |      1 |       0 |    0.00% |       8 |       2 |     0 |       0 |     10 |           
    2 |      1 |       0 |    0.00% |       2 |       2 |     2 |       0 |      6 |           
    3 |      1 |       0 |    0.00% |       2 |       2 |     2 |       0 |      6 |           
    4 |      1 |       0 |    0.00% |       3 |       3 |     0 |       0 |      6 |           
    5 |      1 |       0 |    0.00% |       5 |       4 |     0 |       1 |     10 |           
    6 |      1 |       0 |    0.00% |       8 |       2 |     0 |       0 |     10 |           
    7 |      1 |       1 |  100.00% |      39 |       1 |     0 |       0 |     40 |      ✓ YES
    8 |      1 |       0 |    0.00% |       6 |       4 |     0 |       0 |     10 |           
    9 |      1 |       0 |    0.00% |      10 |       0 |     0 |       0 |     10 |           
   10 |      1 |       0 |    0.00% |       2 |       2 |     0 |       0 |      4 |           
   11 |      1 |       0 |    0.00% |       6 |       4 |     0 |       0 |     10 |           
   12 |      1 |       1 |  100.00% |       8 |      12 |     0 |       0 |     20 |           
   13 |      1 |       0 |    0.00% |       9 |       0 |     0 |       1 |     10 |           
   14 |      1 |       0 |    0.00% |      26 |       4 |     0 |       0 |     30 |           
   15 |      1 |       0 |    0.00% |       1 |       3 |     0 |       0 |      4 |           
   16 |      1 |       1 |  100.00% |       8 |       2 |     0 |       0 |     10 |           
   17 |      1 |       0 |    0.00% |       9 |       0 |     0 |       1 |     10 |           
   18 |      1 |       0 |    0.00% |       7 |       2 |     0 |       1 |     10 |           
   19 |      1 |       0 |    0.00% |       2 |       2 |     2 |       0 |      6 |           
   20 |      1 |       0 |    0.00% |       6 |       4 |     0 |       0 |     10 |           
   21 |      1 |       0 |    0.00% |       7 |       2 |     0 |       1 |     10 |           
   22 |      1 |       0 |    0.00% |      16 |       4 |     0 |       0 |     20 |           
   23 |      1 |       0 |    0.00% |       8 |       8 |     0 |       0 |     16 |           
   24 |      1 |       0 |    0.00% |      10 |       0 |     0 |       0 |     10 |           
   25 |      1 |       0 |    0.00% |       3 |       3 |     0 |       0 |      6 |           
   26 |      1 |       0 |    0.00% |       4 |       4 |     0 |       0 |      8 |           
   27 |      1 |       0 |    0.00% |       8 |       2 |     0 |       0 |     10 |           
   28 |      1 |       0 |    0.00% |      10 |       0 |     0 |       0 |     10 |           
   29 |      1 |       1 |  100.00% |       9 |       0 |     0 |       0 |      9 |      ✓ YES

====================================================================================================
STEP: step_14
====================================================================================================

Summary:
  Total idx folders: 30
  Average Python usage: 6.67
  Qualified idx (Python >= avg AND accuracy >= 40.0%): 3

All idx statistics:
  Idx |  Files | Correct | Accuracy |  Python |  Google |  Wiki | BaseGen |  Total |  Qualified
----------------------------------------------------------------------------------------------------
    0 |      1 |       0 |    0.00% |       6 |       4 |     0 |       0 |     10 |           
    1 |      1 |       0 |    0.00% |       8 |       2 |     0 |       0 |     10 |           
    2 |      1 |       0 |    0.00% |       3 |       7 |     0 |       0 |     10 |           
    3 |      1 |       0 |    0.00% |       9 |       1 |     0 |       0 |     10 |           
    4 |      1 |       0 |    0.00% |       8 |       2 |     0 |       0 |     10 |           
    5 |      1 |       0 |    0.00% |       6 |       4 |     0 |       0 |     10 |           
    6 |      1 |       0 |    0.00% |       4 |       2 |     0 |       0 |      6 |           
    7 |      1 |       1 |  100.00% |       1 |       3 |     2 |       0 |      6 |           
    8 |      1 |       0 |    0.00% |       6 |       4 |     0 |       0 |     10 |           
    9 |      1 |       0 |    0.00% |       8 |       2 |     0 |       0 |     10 |           
   10 |      1 |       0 |    0.00% |       3 |       3 |     0 |       0 |      6 |           
   11 |      1 |       0 |    0.00% |       4 |       2 |     0 |       0 |      6 |           
   12 |      1 |       0 |    0.00% |      12 |       8 |     0 |       0 |     20 |           
   13 |      1 |       1 |  100.00% |       3 |       3 |     0 |       0 |      6 |           
   14 |      1 |       0 |    0.00% |       0 |       4 |     2 |       0 |      6 |           
   15 |      1 |       1 |  100.00% |       7 |       3 |     0 |       0 |     10 |      ✓ YES
   16 |      1 |       1 |  100.00% |       8 |       2 |     0 |       0 |     10 |      ✓ YES
   17 |      1 |       0 |    0.00% |       9 |       1 |     0 |       0 |     10 |           
   18 |      1 |       1 |  100.00% |       2 |       5 |     0 |       1 |      8 |           
   19 |      1 |       0 |    0.00% |       0 |       4 |     0 |       0 |      4 |           
   20 |      1 |       0 |    0.00% |      32 |      18 |     0 |       0 |     50 |           
   21 |      1 |       0 |    0.00% |       3 |       4 |     0 |       1 |      8 |           
   22 |      1 |       0 |    0.00% |       7 |       3 |     0 |       0 |     10 |           
   23 |      1 |       1 |  100.00% |       6 |       4 |     0 |       0 |     10 |           
   24 |      1 |       0 |    0.00% |       8 |       2 |     0 |       0 |     10 |           
   25 |      1 |       0 |    0.00% |      10 |       0 |     0 |       0 |     10 |           
   26 |      1 |       0 |    0.00% |       2 |       8 |     0 |       0 |     10 |           
   27 |      1 |       1 |  100.00% |       5 |       5 |     0 |       0 |     10 |           
   28 |      1 |       0 |    0.00% |       0 |       5 |     0 |       0 |      5 |           
   29 |      1 |       1 |  100.00% |      20 |       0 |     0 |       0 |     20 |      ✓ YES

====================================================================================================
STEP: step_16
====================================================================================================

Summary:
  Total idx folders: 30
  Average Python usage: 8.13
  Qualified idx (Python >= avg AND accuracy >= 40.0%): 2

All idx statistics:
  Idx |  Files | Correct | Accuracy |  Python |  Google |  Wiki | BaseGen |  Total |  Qualified
----------------------------------------------------------------------------------------------------
    0 |      1 |       0 |    0.00% |      15 |       5 |     0 |       0 |     20 |           
    1 |      1 |       0 |    0.00% |       4 |       6 |     0 |       0 |     10 |           
    2 |      1 |       0 |    0.00% |       5 |       4 |     0 |       0 |      9 |           
    3 |      1 |       1 |  100.00% |       0 |       3 |     2 |       1 |      6 |           
    4 |      1 |       0 |    0.00% |       2 |       4 |     0 |       0 |      6 |           
    5 |      1 |       0 |    0.00% |       5 |       5 |     0 |       0 |     10 |           
    6 |      1 |       0 |    0.00% |       5 |       5 |     0 |       0 |     10 |           
    7 |      1 |       1 |  100.00% |       1 |       2 |     0 |       0 |      3 |           
    8 |      1 |       1 |  100.00% |       0 |       8 |     0 |       0 |      8 |           
    9 |      1 |       0 |    0.00% |       2 |       2 |     0 |       0 |      4 |           
   10 |      1 |       1 |  100.00% |      20 |      10 |     0 |       0 |     30 |      ✓ YES
   11 |      1 |       1 |  100.00% |       0 |       4 |     0 |       0 |      4 |           
   12 |      1 |       0 |    0.00% |       0 |       8 |     0 |       0 |      8 |           
   13 |      1 |       1 |  100.00% |       8 |       2 |     0 |       0 |     10 |           
   14 |      1 |       0 |    0.00% |      23 |      17 |     0 |       0 |     40 |           
   15 |      1 |       0 |    0.00% |      12 |       5 |     0 |       0 |     17 |           
   16 |      1 |       0 |    0.00% |      32 |       8 |     0 |       0 |     40 |           
   17 |      1 |       0 |    0.00% |       1 |       3 |     0 |       0 |      4 |           
   18 |      1 |       1 |  100.00% |       6 |      24 |     0 |       0 |     30 |           
   19 |      1 |       0 |    0.00% |       6 |       4 |     0 |       0 |     10 |           
   20 |      1 |       0 |    0.00% |      15 |       5 |     0 |       0 |     20 |           
   21 |      1 |       1 |  100.00% |       8 |       2 |     0 |       0 |     10 |           
   22 |      1 |       0 |    0.00% |       3 |      13 |     0 |       0 |     16 |           
   23 |      1 |       1 |  100.00% |      23 |      17 |     0 |       0 |     40 |      ✓ YES
   24 |      1 |       0 |    0.00% |       4 |       6 |     0 |       0 |     10 |           
   25 |      1 |       0 |    0.00% |       0 |       3 |     2 |       1 |      6 |           
   26 |      1 |       1 |  100.00% |       2 |       4 |     0 |       0 |      6 |           
   27 |      1 |       0 |    0.00% |      34 |      16 |     0 |       0 |     50 |           
   28 |      1 |       1 |  100.00% |       0 |       4 |     2 |       0 |      6 |           
   29 |      1 |       1 |  100.00% |       8 |       2 |     0 |       0 |     10 |           

====================================================================================================
STEP: step_18
====================================================================================================

Summary:
  Total idx folders: 30
  Average Python usage: 4.70
  Qualified idx (Python >= avg AND accuracy >= 40.0%): 5

All idx statistics:
  Idx |  Files | Correct | Accuracy |  Python |  Google |  Wiki | BaseGen |  Total |  Qualified
----------------------------------------------------------------------------------------------------
    0 |      1 |       1 |  100.00% |       6 |       4 |     0 |       0 |     10 |      ✓ YES
    1 |      1 |       1 |  100.00% |       4 |      16 |     0 |       0 |     20 |           
    2 |      1 |       0 |    0.00% |       6 |       4 |     0 |       0 |     10 |           
    3 |      1 |       1 |  100.00% |       3 |       7 |     0 |       0 |     10 |           
    4 |      1 |       0 |    0.00% |       5 |       5 |     0 |       0 |     10 |           
    5 |      1 |       0 |    0.00% |       0 |       8 |     0 |       0 |      8 |           
    6 |      1 |       0 |    0.00% |       5 |       5 |     0 |       0 |     10 |           
    7 |      1 |       1 |  100.00% |       0 |      10 |     0 |       0 |     10 |           
    8 |      1 |       1 |  100.00% |       6 |       4 |     0 |       0 |     10 |      ✓ YES
    9 |      1 |       1 |  100.00% |       6 |       4 |     0 |       0 |     10 |      ✓ YES
   10 |      1 |       0 |    0.00% |       5 |       5 |     0 |       0 |     10 |           
   11 |      1 |       1 |  100.00% |       8 |       2 |     0 |       0 |     10 |      ✓ YES
   12 |      1 |       1 |  100.00% |       0 |       4 |     0 |       0 |      4 |           
   13 |      1 |       0 |    0.00% |       9 |       1 |     0 |       0 |     10 |           
   14 |      1 |       0 |    0.00% |       0 |       4 |     2 |       0 |      6 |           
   15 |      1 |       0 |    0.00% |       6 |       4 |     0 |       0 |     10 |           
   16 |      1 |       1 |  100.00% |       0 |       4 |     0 |       0 |      4 |           
   17 |      1 |       0 |    0.00% |       8 |       2 |     0 |       0 |     10 |           
   18 |      1 |       0 |    0.00% |       0 |      10 |     0 |       0 |     10 |           
   19 |      1 |       0 |    0.00% |       6 |       4 |     0 |       0 |     10 |           
   20 |      1 |       0 |    0.00% |      24 |      16 |     0 |       0 |     40 |           
   21 |      1 |       0 |    0.00% |       8 |       2 |     0 |       0 |     10 |           
   22 |      1 |       0 |    0.00% |       2 |       4 |     0 |       0 |      6 |           
   23 |      1 |       0 |    0.00% |       2 |       4 |     0 |       0 |      6 |           
   24 |      1 |       0 |    0.00% |       6 |       4 |     0 |       0 |     10 |           
   25 |      1 |       0 |    0.00% |       0 |       4 |     2 |       0 |      6 |           
   26 |      1 |       0 |    0.00% |       8 |       2 |     0 |       0 |     10 |           
   27 |      1 |       1 |  100.00% |       0 |       4 |     0 |       0 |      4 |           
   28 |      1 |       0 |    0.00% |       0 |      10 |     0 |       0 |     10 |           
   29 |      1 |       1 |  100.00% |       8 |      12 |     0 |       0 |     20 |      ✓ YES

====================================================================================================
STEP: step_20
====================================================================================================

Summary:
  Total idx folders: 30
  Average Python usage: 4.03
  Qualified idx (Python >= avg AND accuracy >= 40.0%): 6

All idx statistics:
  Idx |  Files | Correct | Accuracy |  Python |  Google |  Wiki | BaseGen |  Total |  Qualified
----------------------------------------------------------------------------------------------------
    0 |      1 |       1 |  100.00% |       0 |      10 |     0 |       0 |     10 |           
    1 |      1 |       1 |  100.00% |       6 |       4 |     0 |       0 |     10 |      ✓ YES
    2 |      1 |       0 |    0.00% |       0 |      10 |     0 |       0 |     10 |           
    3 |      1 |       1 |  100.00% |       0 |       8 |     0 |       0 |      8 |           
    4 |      1 |       1 |  100.00% |       2 |       8 |     0 |       0 |     10 |           
    5 |      1 |       0 |    0.00% |      12 |       8 |     0 |       0 |     20 |           
    6 |      1 |       0 |    0.00% |       4 |       6 |     0 |       0 |     10 |           
    7 |      1 |       1 |  100.00% |       9 |      11 |     0 |       0 |     20 |      ✓ YES
    8 |      1 |       1 |  100.00% |       0 |       4 |     2 |       0 |      6 |           
    9 |      1 |       1 |  100.00% |       2 |       4 |     0 |       0 |      6 |           
   10 |      1 |       1 |  100.00% |       2 |       4 |     0 |       0 |      6 |           
   11 |      1 |       1 |  100.00% |       6 |       4 |     0 |       0 |     10 |      ✓ YES
   12 |      1 |       0 |    0.00% |       2 |       8 |     0 |       0 |     10 |           
   13 |      1 |       0 |    0.00% |       0 |       4 |     0 |       0 |      4 |           
   14 |      1 |       1 |  100.00% |       0 |       4 |     2 |       0 |      6 |           
   15 |      1 |       1 |  100.00% |       8 |       2 |     0 |       0 |     10 |      ✓ YES
   16 |      1 |       1 |  100.00% |       0 |       4 |     0 |       0 |      4 |           
   17 |      1 |       0 |    0.00% |       0 |       4 |     0 |       0 |      4 |           
   18 |      1 |       1 |  100.00% |       8 |      12 |     0 |       0 |     20 |      ✓ YES
   19 |      1 |       0 |    0.00% |       0 |      10 |     0 |       0 |     10 |           
   20 |      1 |       0 |    0.00% |      25 |      22 |     0 |       3 |     50 |           
   21 |      1 |       1 |  100.00% |       2 |       8 |     0 |       0 |     10 |           
   22 |      1 |       1 |  100.00% |       0 |       4 |     2 |       0 |      6 |           
   23 |      1 |       1 |  100.00% |       2 |       4 |     0 |       0 |      6 |           
   24 |      1 |       0 |    0.00% |      11 |       9 |     0 |       0 |     20 |           
   25 |      1 |       0 |    0.00% |       0 |       8 |     0 |       0 |      8 |           
   26 |      1 |       1 |  100.00% |       9 |       1 |     0 |       0 |     10 |      ✓ YES
   27 |      1 |       1 |  100.00% |       0 |       8 |     0 |       0 |      8 |           
   28 |      1 |       0 |    0.00% |       7 |       8 |     0 |       5 |     20 |           
   29 |      1 |       1 |  100.00% |       4 |       6 |     0 |       0 |     10 |           

====================================================================================================
STEP: step_22
====================================================================================================

Summary:
  Total idx folders: 30
  Average Python usage: 3.50
  Qualified idx (Python >= avg AND accuracy >= 40.0%): 4

All idx statistics:
  Idx |  Files | Correct | Accuracy |  Python |  Google |  Wiki | BaseGen |  Total |  Qualified
----------------------------------------------------------------------------------------------------
    0 |      1 |       0 |    0.00% |       6 |       4 |     0 |       0 |     10 |           
    1 |      1 |       1 |  100.00% |       0 |       4 |     0 |       0 |      4 |           
    2 |      1 |       0 |    0.00% |       2 |       8 |     0 |       0 |     10 |           
    3 |      1 |       0 |    0.00% |       0 |       8 |     0 |       0 |      8 |           
    4 |      1 |       0 |    0.00% |       0 |      10 |     0 |       0 |     10 |           
    5 |      1 |       0 |    0.00% |       2 |       4 |     0 |       0 |      6 |           
    6 |      1 |       0 |    0.00% |       0 |      10 |     0 |       0 |     10 |           
    7 |      1 |       1 |  100.00% |       0 |       8 |     0 |       0 |      8 |           
    8 |      1 |       0 |    0.00% |       2 |       8 |     0 |       0 |     10 |           
    9 |      1 |       0 |    0.00% |       2 |       8 |     0 |       0 |     10 |           
   10 |      1 |       1 |  100.00% |       2 |       8 |     0 |       0 |     10 |           
   11 |      1 |       0 |    0.00% |       6 |       4 |     0 |       0 |     10 |           
   12 |      1 |       0 |    0.00% |      24 |      26 |     0 |       0 |     50 |           
   13 |      1 |       1 |  100.00% |       4 |       4 |     0 |       2 |     10 |      ✓ YES
   14 |      1 |       0 |    0.00% |       0 |       4 |     2 |       0 |      6 |           
   15 |      1 |       1 |  100.00% |       0 |       4 |     0 |       0 |      4 |           
   16 |      1 |       0 |    0.00% |       8 |       2 |     0 |       0 |     10 |           
   17 |      1 |       0 |    0.00% |       2 |       8 |     0 |       0 |     10 |           
   18 |      1 |       1 |  100.00% |       0 |       4 |     2 |       0 |      6 |           
   19 |      1 |       0 |    0.00% |       5 |       7 |     0 |       7 |     19 |           
   20 |      1 |       0 |    0.00% |       8 |      11 |     0 |       1 |     20 |           
   21 |      1 |       1 |  100.00% |       6 |       4 |     0 |       0 |     10 |      ✓ YES
   22 |      1 |       1 |  100.00% |       0 |       4 |     0 |       0 |      4 |           
   23 |      1 |       1 |  100.00% |       4 |       4 |     0 |       2 |     10 |      ✓ YES
   24 |      1 |       0 |    0.00% |      14 |      36 |     0 |       0 |     50 |           
   25 |      1 |       0 |    0.00% |       0 |      10 |     0 |       0 |     10 |           
   26 |      1 |       1 |  100.00% |       6 |       4 |     0 |       0 |     10 |      ✓ YES
   27 |      1 |       1 |  100.00% |       0 |       4 |     2 |       0 |      6 |           
   28 |      1 |       1 |  100.00% |       2 |       4 |     0 |       2 |      8 |           
   29 |      1 |       1 |  100.00% |       0 |       4 |     2 |       0 |      6 |           

====================================================================================================
STEP: step_24
====================================================================================================

Summary:
  Total idx folders: 30
  Average Python usage: 2.87
  Qualified idx (Python >= avg AND accuracy >= 40.0%): 5

All idx statistics:
  Idx |  Files | Correct | Accuracy |  Python |  Google |  Wiki | BaseGen |  Total |  Qualified
----------------------------------------------------------------------------------------------------
    0 |      1 |       0 |    0.00% |       0 |       4 |     0 |       0 |      4 |           
    1 |      1 |       1 |  100.00% |       0 |       4 |     2 |       0 |      6 |           
    2 |      1 |       0 |    0.00% |       0 |       4 |     0 |       0 |      4 |           
    3 |      1 |       0 |    0.00% |       0 |      40 |     0 |       0 |     40 |           
    4 |      1 |       0 |    0.00% |      11 |       9 |     0 |       0 |     20 |           
    5 |      1 |       0 |    0.00% |       0 |       8 |     0 |       0 |      8 |           
    6 |      1 |       0 |    0.00% |       0 |       4 |     2 |       0 |      6 |           
    7 |      1 |       0 |    0.00% |       6 |       4 |     0 |       0 |     10 |           
    8 |      1 |       0 |    0.00% |       0 |      10 |     0 |       0 |     10 |           
    9 |      1 |       1 |  100.00% |       4 |       4 |     0 |       2 |     10 |      ✓ YES
   10 |      1 |       1 |  100.00% |       4 |       4 |     0 |       2 |     10 |      ✓ YES
   11 |      1 |       0 |    0.00% |       2 |       8 |     0 |       0 |     10 |           
   12 |      1 |       0 |    0.00% |       0 |       4 |     0 |       0 |      4 |           
   13 |      1 |       1 |  100.00% |       2 |       4 |     0 |       0 |      6 |           
   14 |      1 |       0 |    0.00% |       5 |      15 |     0 |       0 |     20 |           
   15 |      1 |       0 |    0.00% |       4 |       4 |     0 |       2 |     10 |           
   16 |      1 |       1 |  100.00% |       0 |      10 |     0 |       0 |     10 |           
   17 |      1 |       0 |    0.00% |       0 |      10 |     0 |       0 |     10 |           
   18 |      1 |       1 |  100.00% |       6 |       4 |     0 |       0 |     10 |      ✓ YES
   19 |      1 |       0 |    0.00% |       0 |       4 |     0 |       0 |      4 |           
   20 |      1 |       0 |    0.00% |       2 |       4 |     0 |       0 |      6 |           
   21 |      1 |       1 |  100.00% |       2 |       8 |     0 |       0 |     10 |           
   22 |      1 |       1 |  100.00% |      20 |      20 |     0 |       0 |     40 |      ✓ YES
   23 |      1 |       0 |    0.00% |       2 |       4 |     0 |       0 |      6 |           
   24 |      1 |       0 |    0.00% |       0 |      50 |     0 |       0 |     50 |           
   25 |      1 |       0 |    0.00% |      12 |      28 |     0 |       7 |     47 |           
   26 |      1 |       0 |    0.00% |       0 |      10 |     0 |       0 |     10 |           
   27 |      1 |       1 |  100.00% |       4 |       4 |     0 |       2 |     10 |      ✓ YES
   28 |      1 |       1 |  100.00% |       0 |      10 |     0 |       0 |     10 |           
   29 |      1 |       1 |  100.00% |       0 |       4 |     2 |       0 |      6 |           

====================================================================================================
STEP: step_26
====================================================================================================

Summary:
  Total idx folders: 30
  Average Python usage: 1.50
  Qualified idx (Python >= avg AND accuracy >= 40.0%): 5

All idx statistics:
  Idx |  Files | Correct | Accuracy |  Python |  Google |  Wiki | BaseGen |  Total |  Qualified
----------------------------------------------------------------------------------------------------
    0 |      1 |       0 |    0.00% |       2 |       4 |     0 |       0 |      6 |           
    1 |      1 |       1 |  100.00% |       0 |      10 |     0 |       0 |     10 |           
    2 |      1 |       1 |  100.00% |       0 |       4 |     0 |       0 |      4 |           
    3 |      1 |       0 |    0.00% |       4 |       6 |     0 |       0 |     10 |           
    4 |      1 |       0 |    0.00% |       2 |       4 |     0 |       0 |      6 |           
    5 |      1 |       0 |    0.00% |       2 |       8 |     0 |       0 |     10 |           
    6 |      1 |       0 |    0.00% |       0 |      10 |     0 |       0 |     10 |           
    7 |      1 |       1 |  100.00% |       0 |      20 |     0 |       0 |     20 |           
    8 |      1 |       0 |    0.00% |       0 |      10 |     0 |       0 |     10 |           
    9 |      1 |       1 |  100.00% |       0 |      10 |     0 |       0 |     10 |           
   10 |      1 |       1 |  100.00% |       0 |      10 |     0 |       0 |     10 |           
   11 |      1 |       0 |    0.00% |       2 |       4 |     0 |       0 |      6 |           
   12 |      1 |       0 |    0.00% |       4 |       6 |     0 |       0 |     10 |           
   13 |      1 |       1 |  100.00% |       0 |       4 |     2 |       0 |      6 |           
   14 |      1 |       1 |  100.00% |       0 |       8 |     0 |       0 |      8 |           
   15 |      1 |       1 |  100.00% |       0 |      10 |     0 |       0 |     10 |           
   16 |      1 |       1 |  100.00% |       0 |       8 |     0 |       0 |      8 |           
   17 |      1 |       0 |    0.00% |       0 |      10 |     0 |       0 |     10 |           
   18 |      1 |       1 |  100.00% |       0 |       4 |     0 |       0 |      4 |           
   19 |      1 |       0 |    0.00% |       2 |       4 |     0 |       0 |      6 |           
   20 |      1 |       1 |  100.00% |       4 |       6 |     0 |       0 |     10 |      ✓ YES
   21 |      1 |       1 |  100.00% |       4 |       4 |     0 |       2 |     10 |      ✓ YES
   22 |      1 |       1 |  100.00% |       0 |       4 |     2 |       0 |      6 |           
   23 |      1 |       1 |  100.00% |       0 |       4 |     2 |       0 |      6 |           
   24 |      1 |       1 |  100.00% |       7 |      33 |     0 |       0 |     40 |      ✓ YES
   25 |      1 |       0 |    0.00% |       4 |       6 |     0 |       0 |     10 |           
   26 |      1 |       0 |    0.00% |       0 |      10 |     0 |       0 |     10 |           
   27 |      1 |       1 |  100.00% |       4 |       6 |     0 |       0 |     10 |      ✓ YES
   28 |      1 |       1 |  100.00% |       4 |       6 |     0 |       0 |     10 |      ✓ YES
   29 |      1 |       1 |  100.00% |       0 |       4 |     0 |       0 |      4 |           

====================================================================================================
STEP: step_28
====================================================================================================

Summary:
  Total idx folders: 30
  Average Python usage: 1.67
  Qualified idx (Python >= avg AND accuracy >= 40.0%): 6

All idx statistics:
  Idx |  Files | Correct | Accuracy |  Python |  Google |  Wiki | BaseGen |  Total |  Qualified
----------------------------------------------------------------------------------------------------
    0 |      1 |       0 |    0.00% |       2 |       4 |     0 |       0 |      6 |           
    1 |      1 |       1 |  100.00% |       4 |       4 |     0 |       2 |     10 |      ✓ YES
    2 |      1 |       0 |    0.00% |       4 |       6 |     0 |       0 |     10 |           
    3 |      1 |       1 |  100.00% |       0 |      10 |     0 |       0 |     10 |           
    4 |      1 |       0 |    0.00% |       4 |       6 |     0 |       0 |     10 |           
    5 |      1 |       0 |    0.00% |       0 |       8 |     0 |       0 |      8 |           
    6 |      1 |       0 |    0.00% |       0 |       3 |     0 |       1 |      4 |           
    7 |      1 |       1 |  100.00% |       4 |       6 |     0 |       0 |     10 |      ✓ YES
    8 |      1 |       1 |  100.00% |       0 |      10 |     0 |       0 |     10 |           
    9 |      1 |       1 |  100.00% |       0 |      10 |     0 |       0 |     10 |           
   10 |      1 |       1 |  100.00% |       0 |      10 |     0 |       0 |     10 |           
   11 |      1 |       0 |    0.00% |       4 |       6 |     0 |       0 |     10 |           
   12 |      1 |       0 |    0.00% |       0 |       4 |     2 |       0 |      6 |           
   13 |      1 |       1 |  100.00% |       0 |      10 |     0 |       0 |     10 |           
   14 |      1 |       0 |    0.00% |       2 |       4 |     0 |       0 |      6 |           
   15 |      1 |       1 |  100.00% |       4 |       4 |     0 |       2 |     10 |      ✓ YES
   16 |      1 |       1 |  100.00% |       0 |      10 |     0 |       0 |     10 |           
   17 |      1 |       0 |    0.00% |       4 |       6 |     0 |       0 |     10 |           
   18 |      1 |       0 |    0.00% |       4 |       6 |     0 |       0 |     10 |           
   19 |      1 |       0 |    0.00% |       2 |       4 |     0 |       0 |      6 |           
   20 |      1 |       1 |  100.00% |       4 |      16 |     0 |       0 |     20 |      ✓ YES
   21 |      1 |       1 |  100.00% |       0 |       4 |     2 |       0 |      6 |           
   22 |      1 |       1 |  100.00% |       4 |       4 |     0 |       2 |     10 |      ✓ YES
   23 |      1 |       1 |  100.00% |       0 |      10 |     0 |       0 |     10 |           
   24 |      1 |       1 |  100.00% |       4 |       6 |     0 |       0 |     10 |      ✓ YES
   25 |      1 |       0 |    0.00% |       0 |       3 |     0 |       1 |      4 |           
   26 |      1 |       1 |  100.00% |       0 |      10 |     0 |       0 |     10 |           
   27 |      1 |       1 |  100.00% |       0 |       4 |     0 |       0 |      4 |           
   28 |      1 |       1 |  100.00% |       0 |      10 |     0 |       0 |     10 |           
   29 |      1 |       1 |  100.00% |       0 |      10 |     0 |       0 |     10 |           

====================================================================================================
STEP: step_30
====================================================================================================

Summary:
  Total idx folders: 30
  Average Python usage: 1.90
  Qualified idx (Python >= avg AND accuracy >= 40.0%): 8

All idx statistics:
  Idx |  Files | Correct | Accuracy |  Python |  Google |  Wiki | BaseGen |  Total |  Qualified
----------------------------------------------------------------------------------------------------
    0 |      1 |       1 |  100.00% |       8 |       9 |     0 |       3 |     20 |      ✓ YES
    1 |      1 |       1 |  100.00% |       0 |      10 |     0 |       0 |     10 |           
    2 |      1 |       1 |  100.00% |       0 |      20 |     0 |       0 |     20 |           
    3 |      1 |       0 |    0.00% |       4 |       6 |     0 |       0 |     10 |           
    4 |      1 |       0 |    0.00% |       4 |       6 |     0 |       0 |     10 |           
    5 |      1 |       0 |    0.00% |       0 |       4 |     0 |       0 |      4 |           
    6 |      1 |       0 |    0.00% |       2 |       8 |     0 |       0 |     10 |           
    7 |      1 |       1 |  100.00% |       0 |      10 |     0 |       0 |     10 |           
    8 |      1 |       1 |  100.00% |       4 |       6 |     0 |       0 |     10 |      ✓ YES
    9 |      1 |       1 |  100.00% |       4 |       6 |     0 |       0 |     10 |      ✓ YES
   10 |      1 |       1 |  100.00% |       4 |       6 |     0 |       0 |     10 |      ✓ YES
   11 |      1 |       1 |  100.00% |       0 |       8 |     0 |       0 |      8 |           
   12 |      1 |       0 |    0.00% |       0 |       6 |     0 |       2 |      8 |           
   13 |      1 |       1 |  100.00% |       2 |       8 |     0 |       0 |     10 |      ✓ YES
   14 |      1 |       0 |    0.00% |       4 |       6 |     0 |       0 |     10 |           
   15 |      1 |       1 |  100.00% |       0 |      10 |     0 |       0 |     10 |           
   16 |      1 |       1 |  100.00% |       0 |       8 |     0 |       0 |      8 |           
   17 |      1 |       0 |    0.00% |       9 |      21 |     0 |       0 |     30 |           
   18 |      1 |       1 |  100.00% |       0 |      10 |     0 |       0 |     10 |           
   19 |      1 |       0 |    0.00% |       4 |       6 |     0 |       0 |     10 |           
   20 |      1 |       1 |  100.00% |       2 |       8 |     0 |       0 |     10 |      ✓ YES
   21 |      1 |       1 |  100.00% |       2 |       4 |     0 |       0 |      6 |      ✓ YES
   22 |      1 |       1 |  100.00% |       4 |       4 |     0 |       2 |     10 |      ✓ YES
   23 |      1 |       1 |  100.00% |       0 |      10 |     0 |       0 |     10 |           
   24 |      1 |       0 |    0.00% |       0 |      10 |     0 |       0 |     10 |           
   25 |      1 |       0 |    0.00% |       0 |      36 |     0 |       1 |     37 |           
   26 |      1 |       1 |  100.00% |       0 |       4 |     2 |       0 |      6 |           
   27 |      1 |       1 |  100.00% |       0 |       8 |     0 |       0 |      8 |           
   28 |      1 |       1 |  100.00% |       0 |       4 |     2 |       0 |      6 |           
   29 |      1 |       1 |  100.00% |       0 |      10 |     0 |       0 |     10 |           

====================================================================================================
STEP: step_32
====================================================================================================

Summary:
  Total idx folders: 30
  Average Python usage: 1.47
  Qualified idx (Python >= avg AND accuracy >= 40.0%): 12

All idx statistics:
  Idx |  Files | Correct | Accuracy |  Python |  Google |  Wiki | BaseGen |  Total |  Qualified
----------------------------------------------------------------------------------------------------
    0 |      1 |       1 |  100.00% |       0 |       4 |     2 |       0 |      6 |           
    1 |      1 |       1 |  100.00% |       4 |       6 |     0 |       0 |     10 |      ✓ YES
    2 |      1 |       1 |  100.00% |       4 |       6 |     0 |       0 |     10 |      ✓ YES
    3 |      1 |       1 |  100.00% |       4 |       6 |     0 |       0 |     10 |      ✓ YES
    4 |      1 |       1 |  100.00% |       0 |       6 |     0 |       2 |      8 |           
    5 |      1 |       0 |    0.00% |       2 |       8 |     0 |       0 |     10 |           
    6 |      1 |       0 |    0.00% |       0 |      10 |     0 |       0 |     10 |           
    7 |      1 |       1 |  100.00% |       0 |      30 |     0 |       0 |     30 |           
    8 |      1 |       0 |    0.00% |       0 |       4 |     0 |       0 |      4 |           
    9 |      1 |       1 |  100.00% |       2 |       4 |     0 |       0 |      6 |      ✓ YES
   10 |      1 |       1 |  100.00% |       2 |       4 |     0 |       0 |      6 |      ✓ YES
   11 |      1 |       1 |  100.00% |       4 |       6 |     0 |       0 |     10 |      ✓ YES
   12 |      1 |       1 |  100.00% |       4 |       6 |     0 |       0 |     10 |      ✓ YES
   13 |      1 |       1 |  100.00% |       2 |       4 |     0 |       0 |      6 |      ✓ YES
   14 |      1 |       0 |    0.00% |       0 |       4 |     2 |       0 |      6 |           
   15 |      1 |       1 |  100.00% |       2 |       4 |     0 |       0 |      6 |      ✓ YES
   16 |      1 |       0 |    0.00% |       0 |       4 |     2 |       0 |      6 |           
   17 |      1 |       0 |    0.00% |       0 |       4 |     0 |       0 |      4 |           
   18 |      1 |       1 |  100.00% |       0 |       8 |     0 |       0 |      8 |           
   19 |      1 |       0 |    0.00% |       2 |       8 |     0 |       0 |     10 |           
   20 |      1 |       0 |    0.00% |       0 |       8 |     0 |       0 |      8 |           
   21 |      1 |       1 |  100.00% |       4 |       6 |     0 |       0 |     10 |      ✓ YES
   22 |      1 |       1 |  100.00% |       0 |       4 |     0 |       0 |      4 |           
   23 |      1 |       1 |  100.00% |       0 |       6 |     0 |       2 |      8 |           
   24 |      1 |       0 |    0.00% |       0 |      50 |     0 |       0 |     50 |           
   25 |      1 |       0 |    0.00% |       0 |      10 |     0 |       0 |     10 |           
   26 |      1 |       1 |  100.00% |       0 |       6 |     0 |       2 |      8 |           
   27 |      1 |       1 |  100.00% |       4 |       6 |     0 |       0 |     10 |      ✓ YES
   28 |      1 |       1 |  100.00% |       0 |       8 |     0 |       0 |      8 |           
   29 |      1 |       1 |  100.00% |       4 |       6 |     0 |       0 |     10 |      ✓ YES

====================================================================================================
STEP: step_34
====================================================================================================

Summary:
  Total idx folders: 30
  Average Python usage: 1.27
  Qualified idx (Python >= avg AND accuracy >= 40.0%): 8

All idx statistics:
  Idx |  Files | Correct | Accuracy |  Python |  Google |  Wiki | BaseGen |  Total |  Qualified
----------------------------------------------------------------------------------------------------
    0 |      1 |       1 |  100.00% |       0 |       4 |     0 |       0 |      4 |           
    1 |      1 |       1 |  100.00% |       4 |       6 |     0 |       0 |     10 |      ✓ YES
    2 |      1 |       0 |    0.00% |       0 |       8 |     0 |       0 |      8 |           
    3 |      1 |       1 |  100.00% |       0 |      20 |     0 |       0 |     20 |           
    4 |      1 |       0 |    0.00% |       0 |      10 |     0 |       0 |     10 |           
    5 |      1 |       0 |    0.00% |       0 |      10 |     0 |       0 |     10 |           
    6 |      1 |       1 |  100.00% |       0 |       6 |     0 |       2 |      8 |           
    7 |      1 |       1 |  100.00% |       4 |      16 |     0 |       0 |     20 |      ✓ YES
    8 |      1 |       0 |    0.00% |       0 |       4 |     0 |       0 |      4 |           
    9 |      1 |       1 |  100.00% |       0 |       4 |     0 |       0 |      4 |           
   10 |      1 |       1 |  100.00% |       0 |       6 |     0 |       2 |      8 |           
   11 |      1 |       1 |  100.00% |       0 |       4 |     0 |       0 |      4 |           
   12 |      1 |       0 |    0.00% |       4 |      16 |     0 |       0 |     20 |           
   13 |      1 |       1 |  100.00% |       0 |       8 |     0 |       0 |      8 |           
   14 |      1 |       0 |    0.00% |       0 |       4 |     2 |       0 |      6 |           
   15 |      1 |       0 |    0.00% |       4 |       6 |     0 |       0 |     10 |           
   16 |      1 |       1 |  100.00% |       0 |       4 |     2 |       0 |      6 |           
   17 |      1 |       0 |    0.00% |       4 |       6 |     0 |       0 |     10 |           
   18 |      1 |       1 |  100.00% |       0 |      10 |     0 |       0 |     10 |           
   19 |      1 |       0 |    0.00% |       4 |       6 |     0 |       0 |     10 |           
   20 |      1 |       1 |  100.00% |       2 |       4 |     0 |       0 |      6 |      ✓ YES
   21 |      1 |       1 |  100.00% |       2 |       8 |     0 |       0 |     10 |      ✓ YES
   22 |      1 |       1 |  100.00% |       0 |      10 |     0 |       0 |     10 |           
   23 |      1 |       1 |  100.00% |       2 |       8 |     0 |       0 |     10 |      ✓ YES
   24 |      1 |       0 |    0.00% |       0 |       4 |     0 |       0 |      4 |           
   25 |      1 |       1 |  100.00% |       4 |       6 |     0 |       0 |     10 |      ✓ YES
   26 |      1 |       1 |  100.00% |       0 |       8 |     0 |       0 |      8 |           
   27 |      1 |       1 |  100.00% |       2 |       8 |     0 |       0 |     10 |      ✓ YES
   28 |      1 |       1 |  100.00% |       2 |       4 |     0 |       0 |      6 |      ✓ YES
   29 |      1 |       1 |  100.00% |       0 |      20 |     0 |       0 |     20 |           

====================================================================================================
STEP: step_35
====================================================================================================

Summary:
  Total idx folders: 1
  Average Python usage: 0.00
  Qualified idx (Python >= avg AND accuracy >= 40.0%): 0

All idx statistics:
  Idx |  Files | Correct | Accuracy |  Python |  Google |  Wiki | BaseGen |  Total |  Qualified
----------------------------------------------------------------------------------------------------
    4 |      1 |       0 |    0.00% |       0 |      10 |     0 |       0 |     10 |           

====================================================================================================
STEP: step_36
====================================================================================================

Summary:
  Total idx folders: 30
  Average Python usage: 1.43
  Qualified idx (Python >= avg AND accuracy >= 40.0%): 4

All idx statistics:
  Idx |  Files | Correct | Accuracy |  Python |  Google |  Wiki | BaseGen |  Total |  Qualified
----------------------------------------------------------------------------------------------------
    0 |      1 |       1 |  100.00% |       0 |       4 |     2 |       0 |      6 |           
    1 |      1 |       1 |  100.00% |       0 |       4 |     2 |       0 |      6 |           
    2 |      1 |       1 |  100.00% |       0 |       4 |     0 |       0 |      4 |           
    3 |      1 |       1 |  100.00% |       4 |       6 |     0 |       0 |     10 |      ✓ YES
    4 |      1 |       0 |    0.00% |       0 |       8 |     0 |       0 |      8 |           
    5 |      1 |       0 |    0.00% |       0 |      10 |     0 |       0 |     10 |           
    6 |      1 |       0 |    0.00% |       0 |       4 |     0 |       0 |      4 |           
    7 |      1 |       1 |  100.00% |       0 |      10 |     0 |       0 |     10 |           
    8 |      1 |       0 |    0.00% |       2 |       4 |     0 |       0 |      6 |           
    9 |      1 |       1 |  100.00% |       0 |       4 |     2 |       0 |      6 |           
   10 |      1 |       1 |  100.00% |       0 |       8 |     0 |       0 |      8 |           
   11 |      1 |       1 |  100.00% |       0 |       4 |     2 |       0 |      6 |           
   12 |      1 |       0 |    0.00% |       0 |       8 |     0 |       0 |      8 |           
   13 |      1 |       0 |    0.00% |       0 |       4 |     0 |       0 |      4 |           
   14 |      1 |       0 |    0.00% |      12 |      18 |     0 |       0 |     30 |           
   15 |      1 |       0 |    0.00% |       0 |      10 |     0 |       0 |     10 |           
   16 |      1 |       0 |    0.00% |       0 |       6 |     0 |       2 |      8 |           
   17 |      1 |       0 |    0.00% |       2 |       8 |     0 |       0 |     10 |           
   18 |      1 |       1 |  100.00% |       0 |       8 |     0 |       0 |      8 |           
   19 |      1 |       0 |    0.00% |       2 |       4 |     0 |       0 |      6 |           
   20 |      1 |       0 |    0.00% |       9 |      11 |     0 |       0 |     20 |           
   21 |      1 |       1 |  100.00% |       2 |       8 |     0 |       0 |     10 |      ✓ YES
   22 |      1 |       1 |  100.00% |       2 |       8 |     0 |       0 |     10 |      ✓ YES
   23 |      1 |       0 |    0.00% |       2 |       4 |     0 |       0 |      6 |           
   24 |      1 |       0 |    0.00% |       0 |       4 |     0 |       0 |      4 |           
   25 |      1 |       0 |    0.00% |       0 |       4 |     2 |       0 |      6 |           
   26 |      1 |       0 |    0.00% |       0 |      10 |     0 |       0 |     10 |           
   27 |      1 |       1 |  100.00% |       0 |      10 |     0 |       0 |     10 |           
   28 |      1 |       0 |    0.00% |       2 |       8 |     0 |       0 |     10 |           
   29 |      1 |       1 |  100.00% |       4 |       6 |     0 |       0 |     10 |      ✓ YES

====================================================================================================
STEP: step_37
====================================================================================================

Summary:
  Total idx folders: 1
  Average Python usage: 4.00
  Qualified idx (Python >= avg AND accuracy >= 40.0%): 1

All idx statistics:
  Idx |  Files | Correct | Accuracy |  Python |  Google |  Wiki | BaseGen |  Total |  Qualified
----------------------------------------------------------------------------------------------------
    4 |      1 |       1 |  100.00% |       4 |       6 |     0 |       0 |     10 |      ✓ YES

====================================================================================================
STEP: step_38
====================================================================================================

Summary:
  Total idx folders: 30
  Average Python usage: 1.60
  Qualified idx (Python >= avg AND accuracy >= 40.0%): 7

All idx statistics:
  Idx |  Files | Correct | Accuracy |  Python |  Google |  Wiki | BaseGen |  Total |  Qualified
----------------------------------------------------------------------------------------------------
    0 |      1 |       1 |  100.00% |       2 |       4 |     0 |       0 |      6 |      ✓ YES
    1 |      1 |       1 |  100.00% |       0 |      10 |     0 |       0 |     10 |           
    2 |      1 |       1 |  100.00% |       6 |       4 |     0 |       0 |     10 |      ✓ YES
    3 |      1 |       1 |  100.00% |       0 |      10 |     0 |       0 |     10 |           
    4 |      1 |       1 |  100.00% |       0 |       8 |     0 |       0 |      8 |           
    5 |      1 |       0 |    0.00% |       0 |      10 |     0 |       0 |     10 |           
    6 |      1 |       0 |    0.00% |       0 |      10 |     0 |       0 |     10 |           
    7 |      1 |       1 |  100.00% |       0 |       4 |     0 |       0 |      4 |           
    8 |      1 |       1 |  100.00% |       6 |       4 |     0 |       0 |     10 |      ✓ YES
    9 |      1 |       0 |    0.00% |       2 |       4 |     0 |       0 |      6 |           
   10 |      1 |       1 |  100.00% |       0 |      10 |     0 |       0 |     10 |           
   11 |      1 |       1 |  100.00% |       0 |      10 |     0 |       0 |     10 |           
   12 |      1 |       0 |    0.00% |       0 |       6 |     0 |       2 |      8 |           
   13 |      1 |       1 |  100.00% |       0 |       6 |     0 |       2 |      8 |           
   14 |      1 |       0 |    0.00% |       2 |       8 |     0 |       0 |     10 |           
   15 |      1 |       1 |  100.00% |       4 |       6 |     0 |       0 |     10 |      ✓ YES
   16 |      1 |       1 |  100.00% |       0 |       4 |     2 |       0 |      6 |           
   17 |      1 |       0 |    0.00% |       6 |       4 |     0 |       0 |     10 |           
   18 |      1 |       1 |  100.00% |       2 |       8 |     0 |       0 |     10 |      ✓ YES
   19 |      1 |       0 |    0.00% |       4 |       6 |     0 |       0 |     10 |           
   20 |      1 |       1 |  100.00% |       0 |       6 |     0 |       2 |      8 |           
   21 |      1 |       0 |    0.00% |       0 |       8 |     0 |       0 |      8 |           
   22 |      1 |       1 |  100.00% |       6 |       4 |     0 |       0 |     10 |      ✓ YES
   23 |      1 |       0 |    0.00% |       0 |       4 |     0 |       0 |      4 |           
   24 |      1 |       0 |    0.00% |       2 |       4 |     0 |       0 |      6 |           
   25 |      1 |       0 |    0.00% |       2 |       8 |     0 |       0 |     10 |           
   26 |      1 |       0 |    0.00% |       2 |       8 |     0 |       0 |     10 |           
   27 |      1 |       0 |    0.00% |       0 |       4 |     0 |       0 |      4 |           
   28 |      1 |       1 |  100.00% |       2 |       4 |     0 |       0 |      6 |      ✓ YES
   29 |      1 |       1 |  100.00% |       0 |      10 |     0 |       0 |     10 |           

====================================================================================================
FINAL SUMMARY - All Qualified idx Across All Steps
====================================================================================================

Criteria:
  - Python usage: Above average
  - Accuracy: >= 40.0%

Total qualified idx: 86

 Step |   Idx |  Files | Accuracy | Python Count
------------------------------------------------------------
    0 |    28 |      1 |  100.00% |            9
    3 |     7 |      1 |  100.00% |           24
    3 |    10 |      1 |  100.00% |           29
    7 |     7 |      1 |  100.00% |           22
    7 |    16 |      1 |  100.00% |           35
    7 |    28 |      1 |  100.00% |           19
    9 |     7 |      1 |  100.00% |           34
    9 |    18 |      1 |  100.00% |           12
   12 |     7 |      1 |  100.00% |           39
   12 |    29 |      1 |  100.00% |            9
   14 |    15 |      1 |  100.00% |            7
   14 |    16 |      1 |  100.00% |            8
   14 |    29 |      1 |  100.00% |           20
   16 |    10 |      1 |  100.00% |           20
   16 |    23 |      1 |  100.00% |           23
   18 |     0 |      1 |  100.00% |            6
   18 |     8 |      1 |  100.00% |            6
   18 |     9 |      1 |  100.00% |            6
   18 |    11 |      1 |  100.00% |            8
   18 |    29 |      1 |  100.00% |            8
   20 |     1 |      1 |  100.00% |            6
   20 |     7 |      1 |  100.00% |            9
   20 |    11 |      1 |  100.00% |            6
   20 |    15 |      1 |  100.00% |            8
   20 |    18 |      1 |  100.00% |            8
   20 |    26 |      1 |  100.00% |            9
   22 |    13 |      1 |  100.00% |            4
   22 |    21 |      1 |  100.00% |            6
   22 |    23 |      1 |  100.00% |            4
   22 |    26 |      1 |  100.00% |            6
   24 |     9 |      1 |  100.00% |            4
   24 |    10 |      1 |  100.00% |            4
   24 |    18 |      1 |  100.00% |            6
   24 |    22 |      1 |  100.00% |           20
   24 |    27 |      1 |  100.00% |            4
   26 |    20 |      1 |  100.00% |            4
   26 |    21 |      1 |  100.00% |            4
   26 |    24 |      1 |  100.00% |            7
   26 |    27 |      1 |  100.00% |            4
   26 |    28 |      1 |  100.00% |            4
   28 |     1 |      1 |  100.00% |            4
   28 |     7 |      1 |  100.00% |            4
   28 |    15 |      1 |  100.00% |            4
   28 |    20 |      1 |  100.00% |            4
   28 |    22 |      1 |  100.00% |            4
   28 |    24 |      1 |  100.00% |            4
   30 |     0 |      1 |  100.00% |            8
   30 |     8 |      1 |  100.00% |            4
   30 |     9 |      1 |  100.00% |            4
   30 |    10 |      1 |  100.00% |            4
   30 |    13 |      1 |  100.00% |            2
   30 |    20 |      1 |  100.00% |            2
   30 |    21 |      1 |  100.00% |            2
   30 |    22 |      1 |  100.00% |            4
   32 |     1 |      1 |  100.00% |            4
   32 |     2 |      1 |  100.00% |            4
   32 |     3 |      1 |  100.00% |            4
   32 |     9 |      1 |  100.00% |            2
   32 |    10 |      1 |  100.00% |            2
   32 |    11 |      1 |  100.00% |            4
   32 |    12 |      1 |  100.00% |            4
   32 |    13 |      1 |  100.00% |            2
   32 |    15 |      1 |  100.00% |            2
   32 |    21 |      1 |  100.00% |            4
   32 |    27 |      1 |  100.00% |            4
   32 |    29 |      1 |  100.00% |            4
   34 |     1 |      1 |  100.00% |            4
   34 |     7 |      1 |  100.00% |            4
   34 |    20 |      1 |  100.00% |            2
   34 |    21 |      1 |  100.00% |            2
   34 |    23 |      1 |  100.00% |            2
   34 |    25 |      1 |  100.00% |            4
   34 |    27 |      1 |  100.00% |            2
   34 |    28 |      1 |  100.00% |            2
   36 |     3 |      1 |  100.00% |            4
   36 |    21 |      1 |  100.00% |            2
   36 |    22 |      1 |  100.00% |            2
   36 |    29 |      1 |  100.00% |            4
   37 |     4 |      1 |  100.00% |            4
   38 |     0 |      1 |  100.00% |            2
   38 |     2 |      1 |  100.00% |            6
   38 |     8 |      1 |  100.00% |            6
   38 |    15 |      1 |  100.00% |            4
   38 |    18 |      1 |  100.00% |            2
   38 |    22 |      1 |  100.00% |            6
   38 |    28 |      1 |  100.00% |            2
